                                                                                                                                                                      
                                                                                                                                                                      
                                                                                                                                                                      
                                                                                                                                                                      
                                                                                                                                                                      
                                                                                                                                                                      
                                                                                                                                                                      
                                                                                                                                                                      
                                                                                                                                                                      
                                                                                                                                                                      
                                                                                                                                                                      
                                                                                                                                                                      

















                                                                                                                                                                      
                                                                                                                                                                      
                                                                                                                                                                      
                                                                                                                                                                      
                                                                                                                                                                      
                                                                                                                                                                      
                                                                                                                                                                      
                                                                                                                                                                      
                                                                                                                                                                      
                                                                                                                                                                      
                                                                                                                                                                      
                                                                                                                                                                      
                                                                                                                                                                      
                                                                                                                                                                      
                                                                                                                                                                      
                                                                                                                                                                      
                                                                                                                                                                      
                                732555555221                                        125555555227                                                                      
                          149696666666666666666699941                        149969666666666666666699941                                                               
                      3996666699696445555446996999966666663  73255237  3666666666999966445555446699699666663                                                           
                  3696996665                    79666666999999996699699966666667                    5666666663                                                        
                5966996                      36966666669699666666999999966666669961                      6996695                                                      
              1966993                      4966699962                      2699969664                      3996991                                                    
              699961                      69966641                              14699696                      199996                                                   
            796665                      399969                                      696663                      469997                                                 
          79969                       26669                                          69692                       66697                                                
          9999                       36966                                            69693                       9999                                                
          6666                        6969                                              6666                        6996                                               
          9665                       46693                                              36994                       4666                                               
        49691                       6669                                                9999                       19664                                              
        6999                        9666                                                6999                        9666                                              
        9999                       26662                                                26993                       6669                                              
        9999                       5966                                                  9695                       6666                                              
        56693                      4666                                                  9664                      39665                                              
        76662                      6996                                                  6666                      29667                                              
          9664                      9994                                                  4666                      4999                                               
          6666                      9995                                                  5666                      6966                                               
          4669                     29993                                                  36692                     9994                                               
          26697                    69967                                                   6696                    79992                                               
          36695                    9999                                                    6699                    59993                                               
          6696                    6666                                                    6999                    6999                                                
          6696                   26693                                                    39992                   6699                                                
          69997                  6666                                                      9996                  76696                                                
          79995                 76664        3999962                        2699963        46997                 46667                                                
            46667                6969        466666665                      566666694        9669                79664                                                 
            96997              49995        999966996                      666666669        29964              79969                                                  
              69964            99664         769966663                      266666697         59699            49666                                                   
              996664       5966692            36992                          26963            3999962       499699                                                    
                79669699669999965                                                                59699666969999997                                                     
                  26966666965                                                                      56666669962                                                        
                      76996                                                                            66667                                                           
                      29961                                354669966453                                16662                                                           
                      4999                              699666666666699696                              9664                                                           
                      6996                             69666666666666666966                             6666                                                           
                      6666                             19666666666666666993                             6666                                                           
                      4999                               9966666666666666                               6664                                                           
                      5996                                 169666669961                                 6665                                                           
                      16996                                   299662                                   69661                                                           
                      99997                          342      9666      544                          79966                                                            
                        6666                      343         5695         744                      6999                                                             
                        26966                222222             69            222222               66662                                                             
                        66996                                  96                                  66666                                                              
                          56699                                 66                                 66965                                                               
                          196665                              5965                              596991                                                                
                            699994                        169996999961                        499996                                                                  
                              19966994                1669966996669669966661                46996991                                                                   
                                66999669665525546666666699997      76999966666664552546966669996                                                                      
                                    569999999999999969962                266696699999999999695                                                                         
                                        3544444527                            7254444453                                                                              
                                                                                                                                                                      
                                                                                                                                                                      
                                                                                                                                                                      
                                                                                                                                                                      
                                                                                                                                                                      
                                                                                                                                                                      
                                                                                                                                                                      
                                                                                                                                                                      
                                                                                                                                                                      
                                                                                                                                                                      
                                                                                                                                                                      
                                                                                                                                                                      
                                                                                                                                                                      
                                                                                                                                                                      
                                                                                                                                                                      
                                                                                                                                                                      
                                                                                                                                                                      
                                                                                                                                                                      
                                                                                                                                                                      
                                                                                                                                                                      
                                                                                                                                                                      
                                                                                                                                                                      
                                                                                                                                                                      
                                                                                                                                                                      
                                                                                                                                                                      
                                                                                                                                                                      
                                                                                                                                                                      
                                                                                                                                                                      
                                                                                                                                                                      
                                                                                                                                                                      